[-0.0368664344627103, -0.03679064944249572, -0.03680968551520063, -0.036730483907265195]
[-0.060528106067772494, -0.012887101209964343, -0.013013495338438999, -0.01299853226931355]
[-0.07278730468323563, -0.07283345948651637, -0.0728784907317343, -0.07285154938054664]
[-0.06560174444981777, -0.019118428257995104, -0.01897057814056568, -0.019042949046433937]
[-0.016374198964661166, 0.06281195317136094, 0.06268050871080452, 0.06271810699523467]
[-0.026672746038814497, -0.0266455506309209, -0.026658875109105997, -0.02650632910068669]
[-0.0748893802891374, 0.0006116978941108075, 0.0005722781252921888, 0.000505108057391096]
[-0.0148796100511457, -0.014810031787394241, -0.01481865879653417, -0.014869823019095042]
[-0.07878895824779739, -0.07881944846319475, -0.07872418421494154, -0.07871626445276242]
[-0.017734692145670018, 0.03108406478871378, 0.031013734430678584, 0.031168861407177843]
[-0.005722709573675856, 0.09893046210480702, 0.0989460103999209, 0.09908789773868355]
[-0.008041578187315282, -0.00793679117804754, -0.007903690981424787, -0.00803320821330264]
[-0.02382927803641733, 0.049408015271575643, 0.04924132412574618, 0.049292948663640576]
[-0.0046320712556954455, 0.09040128583932124, 0.09040518714069093, 0.09038732571348788]
[-0.07788042960280135, 0.06870394611660771, 0.06872266162553264, 0.06872380133052168]
[-0.05520939342262604, 0.02465227293817298, 0.024658491753636935, 0.02454635913136241]
[-0.04477237589872665, 0.07261368260423479, 0.07258633908890494, 0.07269659883945927]
[-0.05885965794730628, 0.08660084302762261, 0.08649704985100824, 0.08648300944807862]
[-0.03931810105049774, -0.03929088723447821, -0.03931055546960621, -0.03936856883873702]
[0.001184881542801032, 0.0012307113389603622, 0.0012714344841221123, 0.0011701078551063018]
[-0.05903015463265114, -0.010671307796329191, -0.010666911180185801, -0.010671300325690542]
[-0.055176637037922846, -0.055179881855003894, -0.055204144372214645, -0.05522649410344625]
[-0.02773308948994489, 0.015661149993104685, 0.01578516047054246, 0.01575505343625368]
[-0.05029289957393099, -0.05023934460209961, -0.05021232562813659, -0.05016523200930585]
[-0.030355689069743702, -0.030446009515034046, -0.030405606463210264, -0.030515641599093632]
[-0.047283486852089364, -0.04738753974478717, -0.04736179567331005, -0.04744419436308162]
[-0.08122310928043498, -0.0812553942694259, -0.08130355861218815, -0.0813186814743414]
[-0.0558730279164331, 0.01846659515914431, 0.018425109314806204, 0.01832470960493234]
[-0.035554810464946185, 0.09010191208341801, 0.09015341285899153, 0.09003160136539623]
[-0.08671113185094362, 0.038248668647202964, 0.0382941773230943, 0.038288045945000265]
[-0.10646822491687993, 0.0389788959174005, 0.03897049675112453, 0.039026335154690096]
[-0.030442009487596722, 0.029380469602750252, 0.029464591579883143, 0.029396226536241583]
[-0.077875698008516, -0.0779161390125078, -0.0779093864540325, -0.0779754143243558]
[-0.018958047499007362, 0.06338743855401928, 0.06321569604310212, 0.06321218140678385]
[-0.043806139711922924, 0.04029704053041631, 0.04029192411557808, 0.04024255755662543]
[-0.03398460475306229, -0.033918901363558164, -0.03398036477757318, -0.03406449541267455]
[-0.04640385280137508, -0.046239442942817906, -0.04624168077764915, -0.0463535351161978]
[-0.019570017302267692, 0.07890300700068559, 0.07885154474237685, 0.07879493264631998]
[-0.00778453954362816, -0.007726216343175763, -0.00770743503322532, -0.007820197016529255]
[0.018721120644338132, 0.07477993949028224, 0.07473791475759217, 0.07473315485927086]
[-0.08327090165342811, -0.0831191825890455, -0.08314520765288982, -0.08317213605683647]
[-0.022476684961058115, 0.054662425943716605, 0.054755174936662626, 0.05476836800319399]
[-0.051081160396429216, -0.05098070293154812, -0.051104391151699326, -0.05106881985979661]
[-0.04075778167758018, 0.04143494770194984, 0.04142912389872393, 0.041478011846084795]
[-0.07908397228225542, -0.07907106999897566, -0.07906679597563815, -0.07899049867081728]
[-0.03984831357874376, 0.034091228197618784, 0.03410060630568071, 0.034035161347066474]
[-0.05864377360723355, -0.05852354259839795, -0.058645258031690274, -0.058625973054575134]
[-0.05713599578299357, -0.057239910974003244, -0.05726501244991344, -0.057240179568173205]
[-0.06182721032353183, -0.06193221347354279, -0.06187667736138623, -0.061874131115776845]
[-0.055062262732012236, -0.05504844246044935, -0.05498222612155064, -0.05505980880016461]