[-0.0658064813650544, 0.0017153781482451824, -0.06563897222538281, 0.0015803179103468972]
[-0.0813706382302324, -0.007538630961478528, -0.08128736283610463, -0.00741882908146812]
[-0.06870665813243697, -0.06868636604224988, -0.04465594097195724, -0.06864287918210193]
[0.006680968111674696, 0.006521867023216853, 0.030083456338607862, 0.006527383111025752]
[-0.1070631750866316, -0.036090099765342734, -0.03611857596300378, -0.1070761573395611]
[-0.07192865139156418, -0.04701799494713892, -0.047112968075775266, -0.07191631943341935]
[-0.012829087300774578, -0.012818222090130782, 0.026293327676468938, -0.012729200320905267]
[-0.043845743229434235, -0.04383414425341838, 0.006725598287782267, -0.04387886705488235]
[-0.059784488605310215, -0.00940097827313153, -0.05966099800391351, -0.009290317731272252]
[-0.05225520491253493, -0.014652818321705528, -0.052338142513940866, -0.014623397123808522]
[-0.04700560582840111, 0.004795875431418911, 0.0047949665332966745, -0.047099533853977096]
[-0.11959650467699837, -0.11963099529886495, -0.040803135351885095, -0.11964077937636591]
[-0.034488905773983225, -0.006870770926772887, -0.034567867613412274, -0.006851311870226117]
[-0.0907804616736666, -0.024654495579346642, -0.024655693840350205, -0.09090545157432829]
[-0.03647593110097297, 0.04129012095052133, 0.04129444212687396, -0.036371907622677634]
[-0.060438617344018716, -0.06053753934147313, -0.020480957486887583, -0.06061317458441408]
[-0.013713903612938887, 0.014379239810162942, -0.013578536021779357, 0.014327433026733553]
[-0.03742555167418265, -0.037526712343586115, 0.005873699951976931, -0.037473150514653296]
[-0.07702139320456239, -0.0771721144722315, -0.0486603937128003, -0.07706511426056742]
[-0.04181226337923416, -0.04186040304808692, -0.006417378164697472, -0.041902384735213266]
[-0.09605232786542044, -0.026871597786510177, -0.09606230584421666, -0.02690146488904155]
[-0.057602859153537356, -0.05761806771885067, -0.03087556846441112, -0.05761388694580677]
[-0.05796479182945725, 0.011764835137890998, -0.05784449596230457, 0.011772445134094348]
[-0.10295798865157305, -0.03153877048601022, -0.10296809391895538, -0.03150207757563637]
[-0.060438112708131514, -0.060331309785746516, 0.014867563143389224, -0.060411683634217034]
[-0.038321724723594, -0.03842861947448208, -0.018170040616543637, -0.03829607074063343]
[0.021226969907950585, 0.044258663513188794, 0.044157297839754577, 0.021163030565775714]
[-0.07566424199955334, -0.041046278470994395, -0.041012748364935486, -0.07573079769984727]
[-0.02351633407390248, 0.013484932806059573, -0.02351492950992863, 0.013522819534158953]
[-0.0662297992749127, 0.001409647815110066, -0.06617319916836657, 0.0013153288166121424]
[-0.0699097852019685, -0.06985413224884576, -0.013502643760085682, -0.06983095723505178]
[-0.0850653263127844, -0.03788433021329768, -0.0849972765609617, -0.03792865222945525]
[-0.08535056411935596, -0.008918543559187454, -0.08520954931676955, -0.008838420409823867]
[-0.010893768708812196, 0.011995638894955384, -0.010874480263460913, 0.012005000002485453]
[-0.06523923818424661, -0.01547034363715878, -0.0651204481353671, -0.015536382671834121]
[0.005246971023717843, 0.005148236381425843, 0.04050637839739128, 0.005118434527858207]
[-0.09478767335379443, -0.04284526074451193, -0.04291336560205873, -0.0948726501702919]
[-0.10238574486324417, -0.034344841904370316, -0.034405440633513015, -0.10243500103921482]
[-0.07459068665890227, -0.018969702713759782, -0.018933969664519174, -0.07451881807832632]
[-0.02358725960994168, -0.023534358159077104, 0.034862851564159955, -0.023422892417327743]
[-0.040686550834513426, 0.03891675252394647, -0.0406978417845422, 0.03908251826934929]
[-0.07202032562157697, -0.03254008903345426, -0.07214281392992947, -0.032540154352]
[-0.055224809264900095, 0.0157922231860745, -0.05504616640147802, 0.01577861767761776]
[-0.05412314347739507, 0.02393516901281393, 0.02395712455352905, -0.05398022014810863]
[-0.039137232723844825, -0.018288591880359722, -0.03920303959465363, -0.01815974589960223]
[-0.0074543864132843585, 0.03677794094547675, -0.007398814662839898, 0.03676611617028159]
[-0.023351211686693574, -0.02339617425315156, 0.032203823610573494, -0.02322320736325935]
[-0.08364356588335244, -0.08360053645345837, -0.01151871427784709, -0.08364081503788538]
[-0.06017744339829065, -0.060069500508057504, -0.02980466026643637, -0.06011447559393017]
[-0.09978304857224894, -0.02080766358504187, -0.09984796703945995, -0.020702089569375904]